Color  10  Estilo   1        325        86       340
       131        355       146
       370       155       385       159       400       161       415
       159           430       155       445       146       460       131       475        86
       460       41
       445   26
       430
        17  415        13        400        11        385        13
       370        17       355        26       340
        41  Color  4  Estilo   0         70                  40        76                  58
        82                  64        88                  67        94
                  69       100                  70       106                  69
       112             67       118                  64
       124    58        130                  40       124
                  22       118                  16       112                  13       106
           11       100                  10        94                  11        88                  13
        82                  16        76                  22   Color    14    Estilo    3       350                            29
       400           55       460                            40       435                            78
       470                           100   420                           110
       400                           160
       380                           115       331                           100
       365                            80  Color  5  Estilo  4       100                                      40
       350                                     140       160                                     140  Color  15  Estilo  0
       120                                                55       250                                               120       250                                               130       200                                               130       160                                               115
Color  3  Estilo   2     350                                                         140
       350                                                         170
       370                                                         170
       370                                                         180
       320                                                         180
       320                                                         170
       340                                                         170       340                                                         140 Color  9  Estilo  1
        20                  180       100                                                                   230
        70                                                                   245       105                                                                   240
       105                                                                   270       115                                                                   242
       135                                                                   260       125                                                                   239
       145                                                                   230       120                                                                   225
       125                                                                   210       105                                                                   225
        30                                                                   160  Color  12  Estilo   3       200                                                                             220
       260                                                                             260
       350                                                                             260
       270                                                                             210
       370                                                                             230
       390                                                                             260
       410                                                                             250
       435                                                                             275
       410                                                                             295
       390                                                                             280
       350                                                                             320
       270                                                                             310
       340                                                                             290
       260                                                                             275
       200                                                                             295
       230                                                                             265
Color  6  Estilo   1       120                                                                                       120       200                                                                                       170
       150                                                                                       190

